Ip,0,1,2
0.0,-0.0,-0.0,-0.0
100000.0,98076.29518962359,99228.90292072837,98867.10879658033
200000.0,196339.81352124808,198477.76398967247,197740.6940319058
300000.0,294667.61198189546,297771.1826891439,296573.6445706228
400000.0,392918.45773139934,397126.67312379234,395331.60531618487
500000.0,490973.0064750149,496551.3795653284,494005.1403189392
600000.0,588769.3060046359,596040.609061089,592616.8420618098
700000.0,686326.3855308939,695578.4791024079,691221.994571318
800000.0,783751.8396139872,795140.5983923301,789902.6123348058
900000.0,881232.7906087928,894698.3140460115,888755.7782396519
1000000.0,979012.1849631268,994223.7497251638,987878.0587999183
1100000.0,1077353.728771598,1093694.6992551556,1087348.3793824739
1200000.0,1176499.4537976272,1193098.4696785095,1187212.124825467
1300000.0,1276624.806671044,1292433.9788141279,1287469.3492738218
1400000.0,1377797.7820332546,1391711.7528036516,1388069.6832867824
1500000.0,1479950.5429501638,1490951.8605600593,1488915.634007267
1600000.0,1582872.6312507947,1590180.186643858,1589874.4417074928
1700000.0,1686232.2173934758,1689423.7220464505,1690796.739994938
1800000.0,1789624.964943819,1788705.7087970176,1791538.5327823085
1900000.0,1892640.9065622487,1888041.4940703677,1891982.0952854254
2000000.0,1994932.7688834434,1987435.8319248678,1992051.703945082
2100000.0,2096268.5948299544,2086882.1276985107,2091721.4754908779
2200000.0,2196557.665611079,2186363.780280717,2191014.5001654574
2300000.0,2295847.888797206,2285857.3924954934,2289994.2399083213
2400000.0,2394300.2750070305,2385337.261215271,2388750.3980504335
2500000.0,2492149.4495534967,2484780.3047903264,2487382.0546406484
2600000.0,2589658.883435365,2584170.496931664,2585980.9353360664
2700000.0,2687077.6775421975,2683501.975659487,2684617.4253202006
2800000.0,2784604.0017908104,2782780.2582118483,2783331.4530249606
2900000.0,2882359.2925484306,2882021.355258325,2882129.6489226962
3000000.0,2980376.65369152,2981248.9619107195,2980989.2040667906
3100000.0,3078605.7202944914,3080490.238359132,3079867.669261443
3200000.0,3176933.872736966,3179770.929377506,3178716.755140349
3300000.0,3275220.2887743325,3279110.681765322,3277497.328958791
3400000.0,3373336.0060861064,3378519.3910996774,3376192.5346665313
3500000.0,3471201.440501568,3477995.2451768285,3474816.382670195
3600000.0,3568813.5489267493,3577524.847247577,3573416.119695229
3700000.0,3666257.653440075,3677085.4337486373,3672067.8958109384
3800000.0,3763702.4862567456,3776648.809894869,3770866.396659499
3900000.0,3861379.890874386,3876186.2908497783,3869910.031413968
4000000.0,3959552.248910608,3975673.733883325,3969283.9311829577
4100000.0,4058471.4708363093,4075095.7284233216,4069043.450246689
4200000.0,4158334.157784575,4174448.18102069,4169201.0571214342
4300000.0,4259238.978697063,4273738.848047123,4269719.329027075
4400000.0,4361154.258206469,4372985.756091154,4370512.034521465
4500000.0,4463904.942911703,4472213.828023451,4471453.907603727
4600000.0,4567186.463471349,4571450.336526854,4572397.854084639
4700000.0,4670607.152631361,4670719.995273434,4673196.486666293
4800000.0,4773751.929745136,4770040.551980984,4773723.717539821
4900000.0,4876251.968940437,4869419.663382582,4873892.1212846255
5000000.0,4977842.646918717,4968853.618251025,4973662.923301835
5100000.0,5078396.739976174,5068328.155162586,5073047.304365798
5200000.0,5177928.71678142,5167821.242072355,5172099.581798943
5300000.0,5276574.214780858,5267307.312399883,5270904.225499763
5400000.0,5374553.206562337,5366762.165674997,5369559.412670317
5500000.0,5472125.842632959,5466167.607142842,5468160.0104515515
5600000.0,5569548.315592371,5565514.953824578,5566782.688192976
5700000.0,5667034.225052171,5664806.760759309,5665475.428119642
5800000.0,5764725.742170431,5764056.465443327,5764253.043782438
5900000.0,5862678.19914382,5863286.034212695,5863099.398316294
6000000.0,5960860.75159167,5962522.046976204,5961975.866727596
6100000.0,6059173.70770579,6061790.920743619,6060834.377583816
6200000.0,6157479.9032067545,6161114.11477504,6159632.396244679
6300000.0,6255644.025719155,6260504.166454208,6258346.77717685
6400000.0,6353571.549140457,6359962.275723628,6356983.666884473
6500000.0,6451239.052937179,6459477.899019053,6455582.492749037
6600000.0,6548710.112984006,6559030.461984075,6554213.250350068
6700000.0,6646134.459467747,6658592.908896047,6652967.489036046
6800000.0,6743731.229075288,6758136.451169901,6751944.382946455
6900000.0,6841759.077079933,6857635.637354617,6851234.002039537
7000000.0,6940476.82680021,6957072.801689749,6950900.391987248
7100000.0,7040099.025973201,7056441.074337253,7050967.336695858
7200000.0,7140752.033803673,7155745.4218078265,7151409.613638888
7300000.0,7242438.17424952,7255001.562265919,7252151.975763145
7400000.0,7345017.044422716,7354232.986416695,7353076.865992353
7500000.0,7448212.303490716,7453466.640512241,7454040.0840684185
7600000.0,7551647.45270606,7552728.046474154,7554891.7077577645
7700000.0,7654905.61755915,7652036.721366319,7655498.172591103
7800000.0,7757599.608431948,7751402.707165052,7755761.09282173
7900000.0,7859434.413779712,7850824.837393194,7855629.296934605
8000000.0,7960247.335968235,7950291.069657142,7955102.284145795
8100000.0,8060019.296619588,8049780.842419371,8054225.2347344905
8200000.0,8158859.673263491,8149269.03349763,8153077.254949422
8300000.0,8256972.5233067665,8248730.784093713,8251755.4431028515
8400000.0,8354613.36610241,8348146.278068171,8350357.668801825
8500000.0,8452044.36101961,8447504.574807001,8448966.84518951
8600000.0,8549493.768728808,8546805.783160111,8547639.0971017
8700000.0,8647124.213323263,8646061.186933985,8646397.629631491
8800000.0,8745013.535532013,8745291.315472443,8745233.251170946
8900000.0,8843151.224541407,8844522.319344815,8844111.403314564
9000000.0,8941451.68119094,8943781.30028736,8942984.326988945
9100000.0,9039782.587501617,9043091.418181423,9041805.923708688
9200000.0,9138003.097871313,9142467.637750844,9140546.272685768
9300000.0,9236003.855587166,9241913.879142756,9239202.84229669
9400000.0,9333740.302166807,9341422.10762759,9337806.160854705
9500000.0,9431252.66672021,9440973.563837292,9436418.84433538
9600000.0,9528669.420841299,9540541.946187878,9535128.094864625
9700000.0,9626194.34463929,9640097.983345913,9634032.836324675
9800000.0,9724079.619856773,9739614.558283122,9733227.445833383
9900000.0,9822588.473620698,9839071.433465617,9832784.58776611
10000000.0,9921951.546102334,9938458.707734529,9932739.98195758
10100000.0,10022322.206776481,10037778.388665132,10033081.971570095
10200000.0,10123737.825198662,10137043.827460246,10133748.32905971
10300000.0,10226095.800262103,10236277.155962987,10234631.683368944
10400000.0,10329153.186362114,10335505.212449308,10335593.284572408
10500000.0,10432555.069528176,10434754.691290846,10436482.883864926
10600000.0,10535889.100130985,10534047.37255453,10537160.913171541
10700000.0,10638754.468973944,10633396.2706064,10637518.515392784
10800000.0,10740827.914574323,10732803.38843942,10737491.569103079
10900000.0,10841910.554732168,10832259.492420895,10837066.421639469
11000000.0,10941946.684286747,10931745.964898685,10936276.982961392
11100000.0,11041014.830634223,11031238.406597793,11035194.517387219
11200000.0,11139297.91567127,11130711.322221285,11133912.549137706
11300000.0,11237041.685618,11230143.00697811,11232529.743767282
11400000.0,11334509.723073026,11329519.711680112,11331133.604867786
11500000.0,11431941.411190199,11428838.309714748,11429787.505700612
11600000.0,11529517.652873168,11528106.984316643,11528523.031250559
11700000.0,11627338.294114321,11627343.829836937,11627338.818944026
11800000.0,11725414.489797216,11726573.637990773,11726206.03988411
11900000.0,11823677.800009344,11825823.45307027,11825079.449948221
12000000.0,11922005.116072362,11925117.684910744,11923911.804330649
12100000.0,12020254.997135743,12024473.642313335,12022668.691133449
12200000.0,12118307.944045248,12123898.285086922,12121340.744410178
12300000.0,12216101.992122216,12223386.795164173,12219950.778150082
12400000.0,12313656.361086994,12322923.256960845,12318554.441906545
12500000.0,12411079.05818713,12422483.357351743,12417234.219274499
12600000.0,12508557.815729797,12522038.632935869,12516087.696849275
12700000.0,12606336.321198672,12621561.487040233,12615211.890409555
12800000.0,12704679.049003018,12721030.043282842,12714686.023156928
12900000.0,12803828.689080345,12820431.935967492,12814555.537488708
13000000.0,12903961.074708257,12919766.351363275,12914820.243651778
13100000.0,13005144.154463703,13019043.97510627,13015429.21330822
13200000.0,13107309.496120358,13118284.89135467,13116284.128086446
13300000.0,13210245.482897516,13217514.841623232,13217251.24750938
13400000.0,13313618.696806123,13316760.526043689,13318180.226563437
13500000.0,13417023.061428333,13416044.7828005,13418926.263100553
13600000.0,13520047.072442744,13515382.497687967,13519371.143421505
13700000.0,13622342.442343313,13614777.974785889,13619439.059318885
13800000.0,13723676.910522077,13714224.253177263,13719104.461980732
13900000.0,13823960.18481118,13813704.513243686,13818391.141422816
14000000.0,13923241.210447349,13913195.331351956,13917363.518501079
14100000.0,14021682.451225994,14012671.185913527,14016112.376910077
14200000.0,14119520.184986815,14112109.368612833,14114737.848903507
14300000.0,14217019.527606662,14211494.372052219,14213332.53946212
14400000.0,14314431.02625938,14310820.929961499,14311967.415755661
14500000.0,14411953.922990635,14410095.152068863,14410682.602347555
14600000.0,14509710.19931303,14509333.559322316,14509484.502688317
14700000.0,14607732.870400764,14608560.208273835,14608349.682807568
14800000.0,14705970.822208054,14707802.426121179,14707234.759699246
14900000.0,14804310.108131435,14807085.91103787,14806090.342795758
15000000.0,14902608.195313934,14906430.058728023,14904876.199580938
15100000.0,15000734.298486952,15005844.344971016,15003574.540446429
15200000.0,15098607.183967939,15105326.426512348,15102198.740099179
15300000.0,15196222.568156794,15204862.335191267,15200795.786767464
15400000.0,15293665.086502232,15304428.769471627,15299441.969981879
15500000.0,15391103.386624038,15403997.095294062,15398232.479261043
15600000.0,15488769.8007977,15503538.333888823,15497266.514474519
15700000.0,15586927.694344183,15603028.215298712,15596630.174539192
15800000.0,15685830.346141707,15702451.362901889,15696379.829126041
15900000.0,15785675.970952798,15801803.849473095,15796528.874036895
16000000.0,15886564.920315836,15901093.68517742,15897040.600791827
16100000.0,15988467.054818667,16000339.187039448,15997829.185361372
16200000.0,16091208.47583731,16099565.557328302,16098769.418931449
16300000.0,16194485.186201418,16198800.300164016,16199713.933304945
16400000.0,16297905.409775188,16298068.291184826,16300514.814782394
16500000.0,16401053.331181083,16397387.36588839,16401045.316437148
16600000.0,16503558.967092304,16496765.204967884,16501217.351782272
16700000.0,16605156.397581037,16596198.078559488,16600991.594680151
16800000.0,16705717.23268969,16695671.69008895,16700378.854686743
16900000.0,16805255.087803528,16795163.98022542,16799433.280624796
17000000.0,16903905.130536914,16894649.37980434,16898239.35531467
17100000.0,17001887.22192156,16994103.715898514,16996895.397765305
17200000.0,17099461.673513427,17093508.844506204,17095496.477549657
17300000.0,17196884.99926806,17192856.139416393,17194119.458354138
17400000.0,17294371.166156843,17292148.195557173,17292812.45295865
17500000.0,17392062.65910873,17391398.45079372,17391590.30967015
17600000.0,17490014.998694666,17490628.815870386,17490436.828569274
17700000.0,17588197.37092084,17589865.753697824,17589313.252181415
17800000.0,17686509.970308144,17689135.511118647,17688171.359334666
17900000.0,17784815.433458194,17788459.3460244,17786968.51160073
18000000.0,17882978.252638757,17887849.596169833,17885681.564056855
