0.000000 -0.961538
0.025590 -0.981620
0.051179 -1.001400
0.076769 -1.021100
0.102360 -1.034500
0.127950 -1.044800
0.153540 -1.055100
0.179130 -1.062900
0.204720 -1.065800
0.230310 -1.068700
0.255900 -1.071700
0.281490 -1.093400
0.307080 -1.115200
0.332670 -1.137000
0.358250 -1.151000
0.383840 -1.161100
0.409430 -1.171200
0.435020 -1.178800
0.460610 -1.181300
0.486200 -1.183800
0.511790 -1.186300
0.537380 -1.209600
0.562970 -1.232900
0.588560 -1.256200
0.614150 -1.270000
0.639740 -1.279100
0.665330 -1.288200
0.690920 -1.294800
0.716510 -1.296200
0.742100 -1.297600
0.767690 -1.299100
0.793280 -1.323200
0.818870 -1.347400
0.844460 -1.371600
0.870050 -1.384500
0.895640 -1.391800
0.921230 -1.399000
0.946820 -1.403900
0.972410 -1.404000
0.998000 -1.404100
1.023600 -1.404200
1.049200 -1.427600
1.074800 -1.451000
1.100400 -1.474400
1.125900 -1.485400
1.151500 -1.490100
1.177100 -1.494900
1.202700 -1.497200
1.228300 -1.494900
1.253900 -1.492500
1.279500 -1.490100
1.305100 -1.512400
1.330700 -1.534600
1.356200 -1.556800
1.381800 -1.566500
1.407400 -1.570000
1.433000 -1.573500
1.458600 -1.574500
1.484200 -1.570500
1.509800 -1.566500
1.535400 -1.562500
1.561000 -1.583100
1.586600 -1.603700
1.612100 -1.624300
1.637700 -1.632700
1.663300 -1.635000
1.688900 -1.637300
1.714500 -1.637100
1.740100 -1.631700
1.765700 -1.626400
1.791300 -1.621000
1.816900 -1.639800
1.842500 -1.658600
1.868000 -1.677400
1.893600 -1.684500
1.919200 -1.685800
1.944800 -1.687100
1.970400 -1.685700
1.996000 -1.679200
2.021600 -1.672700
2.047200 -1.666200
2.072800 -1.683200
2.098300 -1.700200
2.123900 -1.717200
2.149500 -1.723100
2.175100 -1.723500
2.200700 -1.723800
2.226300 -1.721500
2.251900 -1.714000
2.277500 -1.706400
2.303100 -1.698900
2.328700 -1.714200
2.354200 -1.729500
2.379800 -1.744700
2.405400 -1.749500
2.431000 -1.748900
2.456600 -1.748400
2.482200 -1.745100
2.507800 -1.736500
2.533400 -1.727800
2.559000 -1.719100
2.584600 -1.732800
2.610100 -1.746500
2.635700 -1.760200
2.661300 -1.763800
2.686900 -1.762200
2.712500 -1.760700
2.738100 -1.756300
2.763700 -1.746300
2.789300 -1.736200
2.814900 -1.726200
2.840400 -1.738300
2.866000 -1.750500
2.891600 -1.762600
2.917200 -1.764800
2.942800 -1.762100
2.968400 -1.759300
2.994000 -1.753600
3.019600 -1.741800
3.045200 -1.730000
3.070800 -1.718200
3.096300 -1.728600
3.121900 -1.739000
3.147500 -1.749400
3.173100 -1.750100
3.198700 -1.745800
3.224300 -1.741500
3.249900 -1.734000
3.275500 -1.720200
3.301100 -1.706300
3.326700 -1.692400
3.352200 -1.700700
3.377800 -1.709100
3.403400 -1.717400
3.429000 -1.716000
3.454600 -1.709900
3.480200 -1.703700
3.505800 -1.694300
3.531400 -1.678100
3.557000 -1.661900
3.582500 -1.645800
3.608100 -1.651500
3.633700 -1.657200
3.659300 -1.662900
3.684900 -1.659200
3.710500 -1.651000
3.736100 -1.642700
3.761700 -1.631000
3.787300 -1.612600
3.812900 -1.594100
3.838400 -1.575700
3.864000 -1.578200
3.889600 -1.580800
3.915200 -1.583300
3.940800 -1.577100
3.966400 -1.566500
3.992000 -1.556000
4.017600 -1.542200
4.043200 -1.521900
4.068700 -1.501600
4.094300 -1.481300
4.119900 -1.480200
4.145500 -1.479000
4.171100 -1.477900
4.196700 -1.469100
4.222300 -1.456400
4.247900 -1.443800
4.273500 -1.428300
4.299100 -1.407000
4.324600 -1.385800
4.350200 -1.364500
4.375800 -1.359500
4.401400 -1.354400
4.427000 -1.349400
4.452600 -1.338200
4.478200 -1.324100
4.503800 -1.309900
4.529400 -1.293500
4.555000 -1.272500
4.580500 -1.251400
4.606100 -1.230400
4.631700 -1.221900
4.657300 -1.213300
4.682900 -1.204700
4.708500 -1.191900
4.734100 -1.177200
4.759700 -1.162400
4.785300 -1.146000
4.810800 -1.126600
4.836400 -1.107100
4.862000 -1.087600
4.887600 -1.076400
4.913200 -1.065300
4.938800 -1.054100
4.964400 -1.040800
4.990000 -1.026500
5.015600 -1.012200
5.041200 -0.996910
5.066700 -0.979820
5.092300 -0.962730
5.117900 -0.945630
5.143500 -0.933330
5.169100 -0.921030
5.194700 -0.908730
5.220300 -0.895940
5.245900 -0.882890
5.271500 -0.869850
5.297100 -0.856340
5.322600 -0.841880
5.348200 -0.827430
5.373800 -0.812970
5.399400 -0.801010
5.425000 -0.789050
5.450600 -0.777080
5.476200 -0.765580
5.501800 -0.754310
5.527400 -0.743050
5.552900 -0.731520
5.578500 -0.719460
5.604100 -0.707410
5.629700 -0.695350
5.655300 -0.684780
5.680900 -0.674200
5.706500 -0.663630
5.732100 -0.653820
5.757700 -0.644410
5.783300 -0.635000
5.808800 -0.625340
5.834400 -0.615210
5.860000 -0.605070
5.885600 -0.594930
5.911200 -0.586280
5.936800 -0.577630
5.962400 -0.568980
5.988000 -0.560970
6.013600 -0.553280
6.039100 -0.545590
6.064700 -0.537700
6.090300 -0.529420
6.115900 -0.521150
6.141500 -0.517480
6.167800 -0.515174
6.194200 -0.508502
6.220500 -0.502351
6.246900 -0.495647
6.273200 -0.488423
6.299600 -0.482369
6.325900 -0.476825
6.352200 -0.470764
6.378600 -0.464244
6.404900 -0.440416
6.431300 -0.415163
6.457600 -0.409504
6.483900 -0.403902
6.510300 -0.398232
6.536600 -0.392505
6.563000 -0.388153
6.589300 -0.383242
6.615700 -0.378983
6.642000 -0.375241
6.668300 -0.350665
6.694700 -0.326061
6.721000 -0.323194
6.747400 -0.320174
6.773700 -0.316981
6.800000 -0.313902
6.826400 -0.309400
6.852700 -0.304163
6.879100 -0.298183
6.905400 -0.292973
6.931800 -0.265417
6.958100 -0.238397
6.984400 -0.234998
7.010800 -0.231819
7.037100 -0.228387
7.063500 -0.224679
7.089800 -0.220899
7.116100 -0.217117
7.142500 -0.213351
7.168800 -0.209600
7.195200 -0.182060
7.221500 -0.152887
7.247800 -0.147277
7.274200 -0.141937
7.300500 -0.137927
7.326900 -0.132283
7.353200 -0.127103
7.379600 -0.123243
7.405900 -0.117792
7.432200 -0.112660
7.458600 -0.083364
7.484900 -0.052369
7.511300 -0.046778
7.537600 -0.040731
7.563900 -0.035706
7.590300 -0.030488
7.616600 -0.024440
7.643000 -0.018574
7.669300 -0.013146
7.695700 -0.008150
7.722000 0.031852
7.749600 0.072051
7.777300 0.079026
7.804900 0.085996
7.832600 0.092989
7.860200 0.100023
7.887900 0.107267
7.915500 0.114478
7.943200 0.121692
7.970800 0.128446
7.998500 0.156849
8.026100 0.180692
8.053800 0.184417
8.081400 0.187826
8.109100 0.191166
8.136700 0.195651
8.164400 0.204891
8.192000 0.213414
8.219700 0.223011
8.247300 0.232488
8.275000 0.256958
8.302600 0.277263
8.330300 0.283231
8.357900 0.288715
8.385600 0.294123
8.413200 0.299959
8.440800 0.299317
8.468500 0.298667
8.496100 0.298018
8.523800 0.297368
8.551400 0.303736
8.579100 0.317371
8.606700 0.325263
8.634400 0.333318
8.662000 0.341335
8.689700 0.349318
8.717300 0.351144
8.745000 0.352951
8.772600 0.354782
8.800300 0.356545
8.827900 0.354175
8.855600 0.341209
8.883200 0.333550
8.910900 0.326137
8.938500 0.318653
8.966200 0.311416
8.993800 0.314202
9.021500 0.316767
9.049100 0.319544
9.076800 0.322226
9.104400 0.311852
9.132100 0.290565
9.159700 0.283538
9.187400 0.277471
9.215000 0.270903
9.242600 0.263751
9.270300 0.255875
9.297900 0.248608
9.325600 0.240673
9.353200 0.232208
9.380900 0.188217
9.424000 0.153386
9.467200 0.143188
9.510300 0.132977
9.553400 0.122248
9.596600 0.112521
9.639700 0.100373
9.682900 0.088232
9.726000 0.076098
9.769100 0.063406
9.812300 0.017961
9.855400 -0.026723
9.898500 -0.038544
9.941700 -0.049960
9.984800 -0.061300
10.028000 -0.072652
10.071000 -0.084835
10.114000 -0.096935
10.157000 -0.109201
10.201000 -0.121361
10.244000 -0.171790
10.287000 -0.220525
10.330000 -0.231258
10.373000 -0.242478
10.416000 -0.254135
10.459000 -0.265354
10.502000 -0.276125
10.546000 -0.288166
10.589000 -0.299740
10.632000 -0.310461
10.675000 -0.360647
10.718000 -0.409583
10.761000 -0.420992
10.804000 -0.432131
10.848000 -0.443728
10.891000 -0.455176
10.934000 -0.467051
10.977000 -0.478826
11.020000 -0.490362
11.063000 -0.502299
11.106000 -0.545273
11.135000 -0.593712
11.163000 -0.597969
11.192000 -0.601278
11.220000 -0.603700
11.249000 -0.606447
11.277000 -0.607942
11.306000 -0.608903
11.334000 -0.610131
11.363000 -0.612313
11.391000 -0.614440
11.411000 -0.616719
11.431000 -0.619850
11.452000 -0.623930
11.472000 -0.627963
11.492000 -0.632069
11.512000 -0.637021
11.532000 -0.639971
11.552000 -0.643935
11.572000 -0.648842
11.593000 -0.658274
11.610000 -0.668864
11.628000 -0.671803
11.646000 -0.673766
11.664000 -0.677671
11.682000 -0.680588
11.700000 -0.682604
11.717000 -0.685240
11.735000 -0.688583
11.753000 -0.691211
11.771000 -0.699240
11.789000 -0.707752
11.807000 -0.709923
11.824000 -0.712101
11.842000 -0.714372
11.860000 -0.716431
11.878000 -0.717545
11.896000 -0.719243
11.914000 -0.721523
11.931000 -0.723327
11.949000 -0.730005
11.967000 -0.736063
11.985000 -0.738034
12.003000 -0.739234
12.021000 -0.739692
12.038000 -0.741638
12.056000 -0.742424
12.074000 -0.742557
12.092000 -0.744085
12.110000 -0.744769
12.128000 -0.749450
12.145000 -0.754912
12.163000 -0.756484
12.181000 -0.756293
12.199000 -0.756058
12.217000 -0.756430
12.235000 -0.757113
12.252000 -0.757839
12.270000 -0.756635
12.288000 -0.756692
12.306000 -0.762148
12.324000 -0.766013
12.342000 -0.765238
12.359000 -0.765460
12.377000 -0.765390
12.395000 -0.765289
12.413000 -0.764352
12.431000 -0.763936
12.449000 -0.764804
12.466000 -0.763970
12.484000 -0.767492
12.502000 -0.771329
12.520000 -0.770354
12.538000 -0.769934
12.556000 -0.770546
12.573000 -0.770040
12.591000 -0.769112
12.609000 -0.768759
12.627000 -0.768317
12.645000 -0.767876
12.663000 -0.771149
12.680000 -0.774305
12.698000 -0.774432
12.716000 -0.774522
12.734000 -0.773657
12.752000 -0.773274
12.770000 -0.772931
12.787000 -0.772119
12.805000 -0.772342
12.823000 -0.772623
12.841000 -0.775895
12.859000 -0.779168
12.877000 -0.779024
12.894000 -0.778871
12.912000 -0.778811
12.930000 -0.778669
12.948000 -0.778562
12.966000 -0.779046
12.984000 -0.778520
13.001000 -0.778588
13.019000 -0.782608
13.035000 -0.785989
13.051000 -0.786258
13.067000 -0.786555
13.083000 -0.787368
13.099000 -0.787642
13.115000 -0.786756
13.131000 -0.787509
13.147000 -0.788408
13.163000 -0.788042
13.179000 -0.791243
13.193000 -0.795196
13.207000 -0.796440
13.221000 -0.796904
13.235000 -0.796699
13.249000 -0.797171
13.263000 -0.797862
13.277000 -0.798595
13.291000 -0.799400
13.305000 -0.800148
13.319000 -0.805255
13.336000 -0.808269
13.353000 -0.808049
13.371000 -0.807501
13.388000 -0.805787
13.405000 -0.803996
13.422000 -0.802254
13.439000 -0.799861
13.457000 -0.795612
13.474000 -0.790883
13.491000 -0.788977
13.508000 -0.792244
13.526000 -0.791374
13.543000 -0.789586
13.561000 -0.789861
13.578000 -0.789231
13.595000 -0.788844
13.613000 -0.789704
13.630000 -0.790188
13.648000 -0.790663
13.665000 -0.794393
13.680000 -0.799924
13.695000 -0.800564
13.710000 -0.801883
13.725000 -0.803906
13.740000 -0.805239
13.755000 -0.806870
13.770000 -0.807225
13.784000 -0.809409
13.799000 -0.811764
13.814000 -0.816498
13.829000 -0.822176
13.844000 -0.824209
13.858000 -0.825589
13.873000 -0.827613
13.887000 -0.830512
13.902000 -0.831842
13.917000 -0.833795
13.931000 -0.836000
13.946000 -0.838085
13.960000 -0.844064
13.975000 -0.849618
13.990000 -0.851444
14.004000 -0.854407
14.019000 -0.856739
14.034000 -0.858314
14.048000 -0.861206
14.063000 -0.862957
14.078000 -0.865901
14.092000 -0.868177
14.107000 -0.873042
14.122000 -0.879175
14.136000 -0.881608
14.151000 -0.884166
14.166000 -0.887083
14.181000 -0.889376
14.195000 -0.891223
14.210000 -0.892929
14.225000 -0.895260
14.239000 -0.898239
14.254000 -0.904477
14.269000 -0.910149
14.284000 -0.911999
14.298000 -0.914868
14.313000 -0.916674
14.328000 -0.919086
14.343000 -0.922011
14.358000 -0.923846
14.372000 -0.926757
14.387000 -0.929071
14.402000 -0.934108
14.417000 -0.939488
14.431000 -0.942230
14.446000 -0.944684
14.461000 -0.946589
14.476000 -0.948770
14.490000 -0.951503
14.505000 -0.953686
14.520000 -0.955310
14.535000 -0.957628
14.549000 -0.962555
14.564000 -0.967623
14.579000 -0.970579
14.594000 -0.972726
14.609000 -0.974864
14.623000 -0.977379
14.638000 -0.978850
14.653000 -0.980824
14.668000 -0.982925
14.683000 -0.984913
14.698000 -0.989760
14.712000 -0.994483
14.727000 -0.996362
14.742000 -0.998113
14.757000 -1.000116
14.772000 -1.001986
14.787000 -1.003562
14.802000 -1.005379
14.816000 -1.007057
14.831000 -1.008658
14.846000 -1.013169
14.861000 -1.017591
14.876000 -1.019166
14.891000 -1.020416
14.906000 -1.022514
14.920000 -1.023789
14.935000 -1.024842
14.950000 -1.026133
14.965000 -1.027835
14.980000 -1.029426
14.995000 -1.032921
15.010000 -1.036149
15.024000 -1.037608
15.039000 -1.038725
15.054000 -1.039931
15.069000 -1.041517
15.084000 -1.041956
15.099000 -1.042870
15.114000 -1.043784
15.129000 -1.044697
15.143000 -1.048297
15.158000 -1.050865
15.173000 -1.051370
15.188000 -1.052300
15.203000 -1.052936
15.218000 -1.053567
15.233000 -1.054074
15.248000 -1.054490
15.262000 -1.054905
15.277000 -1.055413
15.292000 -1.058055
15.307000 -1.060121
15.322000 -1.059895
15.337000 -1.060102
15.351000 -1.060667
15.366000 -1.060438
15.381000 -1.060498
15.396000 -1.060827
15.410000 -1.060734
15.425000 -1.060278
15.440000 -1.062071
15.454000 -1.063458
15.468000 -1.062984
15.482000 -1.062596
15.497000 -1.062133
15.511000 -1.062261
15.525000 -1.061851
15.539000 -1.060752
15.553000 -1.059961
15.567000 -1.059383
15.582000 -1.061067
15.603000 -1.059716
15.625000 -1.057222
15.647000 -1.055703
15.668000 -1.056770
15.690000 -1.058264
15.712000 -1.059578
15.733000 -1.060970
15.755000 -1.062269
15.777000 -1.063433
15.798000 -1.066213
15.817000 -1.067069
15.836000 -1.066318
15.855000 -1.065740
15.873000 -1.065338
15.892000 -1.064486
15.911000 -1.063414
15.930000 -1.062428
15.948000 -1.061082
15.967000 -1.059914
15.986000 -1.059584
16.004000 -1.058927
16.023000 -1.057636
16.041000 -1.056044
16.060000 -1.054750
16.079000 -1.053374
16.097000 -1.051776
16.116000 -1.050418
16.134000 -1.048847
16.153000 -1.047389
16.171000 -1.047117
16.190000 -1.046096
16.208000 -1.044536
16.227000 -1.042968
16.245000 -1.041409
16.264000 -1.039866
16.283000 -1.038167
16.301000 -1.036544
16.320000 -1.034939
16.338000 -1.033351
16.357000 -1.032428
16.375000 -1.031041
16.394000 -1.029483
16.412000 -1.027841
16.431000 -1.026296
16.449000 -1.024717
16.468000 -1.023130
16.486000 -1.021589
16.505000 -1.020101
16.524000 -1.018468
16.542000 -1.017179
16.561000 -1.015535
16.579000 -1.014183
16.598000 -1.012688
16.616000 -1.011293
16.635000 -1.009900
16.653000 -1.008544
16.672000 -1.007208
16.690000 -1.005871
16.709000 -1.004541
16.728000 -1.003186
16.746000 -1.001535
16.765000 -1.000405
16.783000 -0.999337
16.802000 -0.998136
16.820000 -0.996998
16.839000 -0.995960
16.857000 -0.994926
16.876000 -0.993910
16.894000 -0.992854
16.913000 -0.991583
16.932000 -0.990240
16.950000 -0.989472
16.969000 -0.988658
16.987000 -0.987917
17.006000 -0.987239
17.024000 -0.986616
17.043000 -0.985941
17.061000 -0.985337
17.080000 -0.984748
17.098000 -0.983798
17.117000 -0.982660
17.135000 -0.982310
17.154000 -0.981960
17.173000 -0.981610
17.191000 -0.981182
17.210000 -0.981042
17.228000 -0.980960
17.247000 -0.980810
17.265000 -0.980660
17.284000 -0.980080
17.302000 -0.979271
17.321000 -0.979367
17.339000 -0.979463
17.358000 -0.979569
17.377000 -0.979666
17.395000 -0.979931
17.414000 -0.980206
17.432000 -0.980461
17.451000 -0.980726
17.469000 -0.980537
17.488000 -0.980080
17.506000 -0.980464
17.525000 -0.981009
17.543000 -0.981542
17.562000 -0.982047
17.580000 -0.982804
17.599000 -0.983485
17.618000 -0.984071
17.636000 -0.984726
17.655000 -0.984694
17.673000 -0.984578
17.692000 -0.985428
17.710000 -0.986318
17.729000 -0.987221
17.747000 -0.987977
17.766000 -0.989092
17.784000 -0.990085
17.803000 -0.990956
17.822000 -0.992046
17.840000 -0.992198
17.859000 -0.991982
17.877000 -0.993141
17.896000 -0.994289
17.914000 -0.995602
17.933000 -0.996597
17.951000 -0.997783
17.970000 -0.999024
17.988000 -1.000240
18.007000 -1.001451
18.025000 -1.001488
18.044000 -1.001310
18.063000 -1.002602
18.081000 -1.003895
18.100000 -1.005190
18.118000 -1.006492
18.137000 -1.007655
18.155000 -1.008982
18.174000 -1.010436
18.192000 -1.011804
18.211000 -1.010874
18.230000 -1.008845
18.248000 -1.010098
18.267000 -1.011447
18.286000 -1.012703
18.304000 -1.014375
18.323000 -1.015103
18.342000 -1.016151
18.361000 -1.017411
18.379000 -1.018138
18.398000 -1.009208
18.422000 -0.996606
18.446000 -0.994671
18.469000 -0.993325
18.493000 -0.992283
18.517000 -0.990771
18.541000 -0.989343
18.565000 -0.988354
18.588000 -0.992264
18.612000 -0.996495
18.636000 -1.000328
18.653000 -1.001812
18.671000 -1.003327
18.689000 -1.004842
18.706000 -1.006360
18.724000 -1.007867
18.741000 -1.008938
18.759000 -1.009924
18.776000 -1.010734
18.794000 -1.011830
18.811000 -1.013488
18.830000 -1.014268
18.848000 -1.014542
18.866000 -1.015849
18.884000 -1.016612
18.903000 -1.017363
18.921000 -1.017869
18.939000 -1.017819
18.957000 -1.018787
18.975000 -1.019198
18.994000 -1.019646
19.012000 -1.019478
19.030000 -1.019659
19.049000 -1.019857
19.067000 -1.020115
19.086000 -1.020443
19.104000 -1.019864
19.122000 -1.019904
19.141000 -1.019664
19.159000 -1.019332
19.178000 -1.019436
19.196000 -1.018628
19.215000 -1.018161
19.233000 -1.018275
19.251000 -1.017402
19.270000 -1.016621
19.288000 -1.016308
19.307000 -1.015122
19.325000 -1.014349
19.343000 -1.013734
19.362000 -1.012950
19.380000 -1.011929
19.398000 -1.010796
19.417000 -1.009589
19.435000 -1.008519
19.454000 -1.007835
19.472000 -1.006500
19.490000 -1.004811
19.509000 -1.003479
19.527000 -1.002451
19.546000 -1.001186
19.564000 -0.999458
19.582000 -0.997534
19.601000 -0.996122
19.619000 -0.994746
19.637000 -0.993177
19.656000 -0.991382
19.674000 -0.989599
19.692000 -0.987948
19.711000 -0.985686
19.729000 -0.983834
19.747000 -0.982246
19.766000 -0.980263
19.784000 -0.978287
19.802000 -0.976300
19.821000 -0.974324
19.839000 -0.972178
19.857000 -0.970033
19.876000 -0.967888
19.894000 -0.965743
19.912000 -0.963598
19.931000 -0.961325
19.949000 -0.958919
19.967000 -0.956648
19.985000 -0.954367
20.004000 -0.952100
20.022000 -0.949833
20.040000 -0.947446
20.059000 -0.944948
20.077000 -0.942553
20.095000 -0.940284
20.114000 -0.937823
20.132000 -0.935258
20.150000 -0.932812
20.168000 -0.930462
20.187000 -0.927957
20.205000 -0.925405
20.223000 -0.923009
20.242000 -0.920505
20.260000 -0.917909
20.278000 -0.915416
20.297000 -0.913007
20.315000 -0.910506
20.333000 -0.907910
20.352000 -0.905496
20.370000 -0.902995
20.388000 -0.900430
20.406000 -0.897948
20.425000 -0.895552
20.443000 -0.893081
20.461000 -0.890523
20.480000 -0.888101
20.498000 -0.885861
20.516000 -0.883515
20.535000 -0.880937
20.553000 -0.878444
20.571000 -0.876133
20.589000 -0.873822
20.608000 -0.871512
20.626000 -0.869197
20.644000 -0.866998
20.663000 -0.864755
20.681000 -0.862564
20.700000 -0.860419
20.718000 -0.858191
20.736000 -0.856088
20.755000 -0.854169
20.773000 -0.852224
20.792000 -0.850325
20.810000 -0.848362
20.829000 -0.846479
20.849000 -0.844944
20.868000 -0.843275
20.888000 -0.841601
20.908000 -0.840020
20.928000 -0.838629
20.948000 -0.837726
20.968000 -0.836903
20.988000 -0.836159
21.008000 -0.835291
21.028000 -0.834552
21.043000 -0.837493
21.059000 -0.839922
21.074000 -0.841967
21.090000 -0.843636
21.105000 -0.845008
21.121000 -0.846050
21.136000 -0.846791
21.152000 -0.847261
21.167000 -0.847463
21.183000 -0.847447
21.201000 -0.846085
21.220000 -0.844716
21.239000 -0.843365
21.257000 -0.841996
21.276000 -0.840626
21.294000 -0.839821
21.313000 -0.839000
21.331000 -0.838143
21.350000 -0.837347
21.369000 -0.836518
21.391000 -0.835720
21.414000 -0.834947
21.436000 -0.834216
21.459000 -0.833426
21.481000 -0.832598
21.504000 -0.832288
21.526000 -0.832007
21.549000 -0.831766
21.571000 -0.831433
21.594000 -0.831192
21.616000 -0.831479
21.639000 -0.831703
21.661000 -0.831958
21.684000 -0.832101
21.706000 -0.832296
21.729000 -0.832985
21.752000 -0.833668
21.774000 -0.834507
21.797000 -0.835319
21.819000 -0.837185
21.842000 -0.839145
21.864000 -0.840636
21.887000 -0.842117
21.909000 -0.843550
21.932000 -0.845035
21.954000 -0.847281
21.977000 -0.849481
21.999000 -0.851673
22.022000 -0.853957
22.044000 -0.856597
22.067000 -0.859108
22.089000 -0.862102
22.112000 -0.865096
22.134000 -0.868079
22.157000 -0.871023
22.179000 -0.874847
22.202000 -0.878722
22.224000 -0.882572
22.247000 -0.886398
22.269000 -0.889314
22.292000 -0.892089
22.315000 -0.896444
22.337000 -0.900909
22.360000 -0.905390
22.382000 -0.909948
22.405000 -0.915291
22.427000 -0.920589
22.450000 -0.925947
22.472000 -0.931332
22.495000 -0.934102
22.517000 -0.936067
22.540000 -0.941856
22.562000 -0.947907
22.585000 -0.953501
22.607000 -0.959311
22.630000 -0.965835
22.652000 -0.972209
22.675000 -0.978297
22.697000 -0.984408
22.720000 -0.985877
22.742000 -0.986005
22.765000 -0.991920
22.787000 -0.998212
22.810000 -1.004532
22.832000 -1.010775
22.855000 -1.017231
22.878000 -1.023769
22.900000 -1.030321
22.923000 -1.036880
22.945000 -1.035085
22.968000 -1.030429
22.990000 -1.035159
23.013000 -1.040553
23.035000 -1.046381
23.058000 -1.051586
23.080000 -1.056238
23.103000 -1.061344
23.125000 -1.066935
23.148000 -1.071472
23.170000 -1.063152
23.193000 -1.051843
23.215000 -1.055385
23.238000 -1.058334
23.260000 -1.060139
23.283000 -1.062877
23.305000 -1.064780
23.328000 -1.066583
23.350000 -1.068386
23.373000 -1.070190
23.395000 -1.052963
23.418000 -1.032202
23.441000 -1.030574
23.463000 -1.029076
23.486000 -1.028028
23.508000 -1.025642
23.531000 -1.023872
23.553000 -1.022245
23.576000 -1.017155
23.598000 -1.014252
23.621000 -0.988047
23.643000 -0.953910
23.666000 -0.948777
23.688000 -0.942710
23.711000 -0.935553
23.733000 -0.932104
23.756000 -0.922961
23.778000 -0.913962
23.801000 -0.906403
23.823000 -0.899752
23.846000 -0.856622
23.873000 -0.807634
23.900000 -0.793057
23.927000 -0.778677
23.954000 -0.764483
23.981000 -0.751317
24.008000 -0.738538
24.034000 -0.725914
24.061000 -0.713498
24.088000 -0.700844
24.115000 -0.610844
24.161000 -0.553078
24.207000 -0.541107
24.253000 -0.528705
24.298000 -0.512710
24.344000 -0.490715
24.390000 -0.465625
24.436000 -0.441063
24.481000 -0.415739
24.527000 -0.389362
24.573000 -0.261201
24.607000 -0.098028
24.642000 -0.071079
24.677000 -0.044490
24.711000 -0.017896
24.746000 0.010892
24.780000 0.035204
24.815000 0.061417
24.850000 0.087643
24.884000 0.113849
24.919000 0.198447
24.953000 0.279570
24.988000 0.306243
25.023000 0.332888
25.057000 0.359528
25.092000 0.386214
25.126000 0.413942
25.161000 0.443927
25.196000 0.470385
25.230000 0.498380
25.265000 0.581141
25.300000 0.661333
25.334000 0.691436
25.369000 0.723307
25.403000 0.753396
25.438000 0.783483
25.473000 0.811601
25.507000 0.839720
25.542000 0.867830
25.576000 0.894289
25.611000 0.968597
25.646000 1.043925
25.680000 1.074840
25.715000 1.105738
25.749000 1.135314
25.784000 1.167488
25.819000 1.183395
25.853000 1.198061
25.888000 1.215192
25.922000 1.231098
25.957000 1.294530
25.984000 1.367225
26.011000 1.386929
26.037000 1.406633
26.064000 1.426344
26.091000 1.446051
26.118000 1.452257
26.145000 1.458418
26.172000 1.464357
26.198000 1.471045
26.225000 1.488552
26.252000 1.480628
26.279000 1.466984
26.306000 1.453324
26.332000 1.439719
26.359000 1.426029
26.386000 1.434311
26.413000 1.442711
26.440000 1.451166
26.466000 1.459713
26.493000 1.452729
26.520000 1.417209
26.547000 1.403894
26.574000 1.390325
26.601000 1.376722
26.627000 1.363097
26.654000 1.343909
26.681000 1.325511
26.708000 1.306820
26.735000 1.287617
26.761000 1.226958
26.788000 1.173030
26.815000 1.166169
26.842000 1.159291
26.869000 1.152384
26.895000 1.145391
26.922000 1.130004
26.949000 1.114447
26.976000 1.098956
27.003000 1.083450
27.030000 1.007438
27.056000 0.929773
27.083000 0.917280
27.110000 0.903865
27.137000 0.890154
27.164000 0.874968
27.190000 0.863677
27.217000 0.855158
27.244000 0.842755
27.271000 0.830167
27.298000 0.752295
27.324000 0.669526
27.351000 0.660954
27.378000 0.655299
27.405000 0.643822
27.432000 0.635217
27.459000 0.628934
27.485000 0.621179
27.512000 0.612005
27.539000 0.604280
27.566000 0.524188
27.593000 0.442145
27.619000 0.434420
27.646000 0.427205
27.673000 0.424247
27.700000 0.418278
27.727000 0.411221
27.754000 0.407252
27.780000 0.406246
27.807000 0.402318
27.834000 0.319749
27.861000 0.235547
27.888000 0.229224
27.914000 0.223881
27.941000 0.219570
27.968000 0.216181
27.995000 0.212873
28.022000 0.206700
28.048000 0.203509
28.075000 0.201387
28.102000 0.117736
28.129000 0.034425
28.156000 0.028979
28.183000 0.023480
28.209000 0.018014
28.236000 0.010403
28.263000 0.006515
28.290000 -0.000240
28.317000 -0.007460
28.343000 -0.011226
28.370000 -0.096479
28.397000 -0.185372
28.424000 -0.193172
28.451000 -0.200963
28.477000 -0.209322
28.504000 -0.216759
28.531000 -0.224250
28.558000 -0.231741
28.585000 -0.239229
28.612000 -0.246631
28.638000 -0.332082
28.665000 -0.412608
28.692000 -0.416091
28.719000 -0.423567
28.746000 -0.429171
28.772000 -0.432737
28.799000 -0.445943
28.826000 -0.457090
28.853000 -0.466149
28.880000 -0.479220
28.906000 -0.561021
28.933000 -0.634038
28.960000 -0.640650
28.987000 -0.647337
29.014000 -0.654132
29.041000 -0.660883
29.067000 -0.662869
29.094000 -0.666543
29.121000 -0.668479
29.148000 -0.668695
29.175000 -0.656079
29.191000 -0.642850
29.207000 -0.654250
29.223000 -0.665660
29.239000 -0.674191
29.255000 -0.685608
29.271000 -0.692320
29.287000 -0.696170
29.303000 -0.699982
29.319000 -0.703832
29.335000 -0.707740
29.351000 -0.707970
29.367000 -0.708190
29.383000 -0.708420
29.399000 -0.708650
29.415000 -0.708880
29.431000 -0.719390
29.447000 -0.729854
29.463000 -0.740374
29.479000 -0.750930
29.495000 -0.761440
29.511000 -0.763286
29.527000 -0.767735
29.543000 -0.774700
29.559000 -0.779120
29.575000 -0.783540
29.591000 -0.783860
29.607000 -0.784137
29.623000 -0.784457
29.639000 -0.784820
29.655000 -0.785140
29.671000 -0.796230
29.687000 -0.807310
29.703000 -0.818400
29.719000 -0.829490
29.735000 -0.840580
29.751000 -0.845478
29.767000 -0.850409
29.783000 -0.853081
29.799000 -0.858049
29.815000 -0.865250
29.831000 -0.866090
29.847000 -0.866940
29.863000 -0.867780
29.879000 -0.868620
29.895000 -0.869460
29.911000 -0.881141
29.927000 -0.892861
29.943000 -0.904620
29.959000 -0.916340
29.975000 -0.927658
